39 25 15 7 6 18 17 17 8 11 3 16 2 8 14 14 1 3 13 6 2 6 1 17 10 4 11
3 3 6 19 17
8 23 5 9 13 3 7 1 13 9 17 15 17 12 9 18 15 3 4 17 8 4 14 18 8
13 28 10 11 18 7 14 14 12 3 7 14 9 8 7 18 6 3 16 17 12 14 12 14 17 9 3 2 3 1
24 12 19 19 19 17 6 13 12 17 16 19 11 6
18 28 4 12 2 19 10 13 14 2 8 12 11 10 13 13 10 3 2 9 3 2 7 9 14 19 6 11 18 17
41 8 16 1 17 17 1 7 11 14
22 27 6 19 8 19 13 18 3 15 8 5 16 15 13 11 14 19 2 12 17 18 17 13 19 15 11 19 3
7 21 11 2 1 10 10 19 4 8 3 18 16 7 15 11 1 6 5 1 8 17 17
15 21 11 5 9 3 5 12 5 19 3 6 19 13 16 19 17 4 2 15 19 9 10
