0.013379506851 -0.0405288540705
-0.0142835073209 -0.00557792322558
0.025480886794 0.0326563504832
0.0159616606469 0.0144800633075
0.013379506851 -0.0405288540705
0.013379506851 -0.0405288540705
0.0178108159493 0.0380872472803
0.013379506851 -0.0405288540705
0.0201404299117 -0.0143936054473
0.0131306698651 0.0267239030059
0.0143856547749 -0.0401976684223
0.00696903184028 0.00786634591686
-0.00570721648967 -0.00395812482107
0.013379506851 -0.0405288540705
0.025256222008 0.0428151344786
0.0110721891705 -0.00502687674767
0.025256222008 0.0428151344786
0.0145530404221 0.0149498859021
0.013379506851 -0.0405288540705
0.0178108159493 0.0380872472803
0.00448437070435 0.0113144669027
0.025256222008 0.0428151344786
0.0178108159493 0.0380872472803
0.0143856547749 -0.0401976684223
0.025256222008 0.0428151344786
0.0178108159493 0.0380872472803
0.013379506851 -0.0405288540705
0.0168482125418 0.0161161491888
0.0143856547749 -0.0401976684223
0.0182095540076 0.0102933456302
0.025256222008 0.0428151344786
0.013379506851 -0.0405288540705
0.0186516399698 -0.00841080892328
0.013379506851 -0.0405288540705
0.025256222008 0.0428151344786
0.0143856547749 -0.0401976684223
0.0143856547749 -0.0401976684223
0.013379506851 -0.0405288540705
0.013379506851 -0.0405288540705
0.013379506851 -0.0405288540705
0.013379506851 -0.0405288540705
0.013379506851 -0.0405288540705
0.025256222008 0.0428151344786
0.0143856547749 -0.0401976684223
0.013379506851 -0.0405288540705
0.025480886794 0.0326563504832
0.00851625458827 0.0097521761092
0.0110721891705 -0.00502687674767
0.0161883824934 0.0155837919043
0.025256222008 0.0428151344786
0.0143856547749 -0.0401976684223
0.013379506851 -0.0405288540705
-0.0142835073209 -0.00557792322558
0.0161883824934 0.0155837919043
0.0143856547749 -0.0401976684223
0.013379506851 -0.0405288540705
0.013379506851 -0.0405288540705
0.0143856547749 -0.0401976684223
0.0178108159493 0.0380872472803
-0.00351121952025 0.00987009106661
0.025256222008 0.0428151344786
0.013379506851 -0.0405288540705
0.0110721891705 -0.00502687674767
0.0143856547749 -0.0401976684223
0.0143856547749 -0.0401976684223
0.0110721891705 -0.00502687674767
0.025480886794 0.0326563504832
0.0143856547749 -0.0401976684223
0.0143856547749 -0.0401976684223
0.013379506851 -0.0405288540705
0.013379506851 -0.0405288540705
0.0143856547749 -0.0401976684223
0.025256222008 0.0428151344786
0.0145530404221 0.0149498859021
0.0143856547749 -0.0401976684223
0.017018354959 0.00221779766682
0.013379506851 -0.0405288540705
0.0110721891705 -0.00502687674767
0.0110721891705 -0.00502687674767
0.0110721891705 -0.00502687674767
0.00860687463367 0.00770521148762
-0.0142835073209 -0.00557792322558
0.0110721891705 -0.00502687674767
-0.0142835073209 -0.00557792322558
-0.00512949776821 -0.0215804649756
0.0110721891705 -0.00502687674767
-0.0142835073209 -0.00557792322558
0.0161883824934 0.0155837919043
0.0178108159493 0.0380872472803
0.025256222008 0.0428151344786
0.025256222008 0.0428151344786
0.00860687463367 0.00770521148762
-0.00397778390401 0.00910005742522
0.013379506851 -0.0405288540705
-0.0110682908734 -0.0101783244278
0.0143856547749 -0.0401976684223
0.025256222008 0.0428151344786
0.013379506851 -0.0405288540705
0.017018354959 0.00221779766682
0.00526677030215 0.0117431573977
0.013379506851 -0.0405288540705
-0.00643635016746 0.014194477771
0.0143856547749 -0.0401976684223
0.0110721891705 -0.00502687674767
0.025256222008 0.0428151344786
0.013379506851 -0.0405288540705
-0.0110682908734 -0.0101783244278
0.0110721891705 -0.00502687674767
0.0178108159493 0.0380872472803
0.013379506851 -0.0405288540705
0.013379506851 -0.0405288540705
0.025256222008 0.0428151344786
0.013379506851 -0.0405288540705
0.0143856547749 -0.0401976684223
0.0163585249106 0.0016854403823
0.0110721891705 -0.00502687674767
0.025256222008 0.0428151344786
0.025256222008 0.0428151344786
0.013379506851 -0.0405288540705
0.025256222008 0.0428151344786
0.025480886794 0.0326563504832
-0.0142835073209 -0.00557792322558
0.025256222008 0.0428151344786
0.013379506851 -0.0405288540705
0.0143856547749 -0.0401976684223
0.0143856547749 -0.0401976684223
0.0144144378989 0.0125942331152
0.0184269751838 0.00174797507219
0.0161883824934 0.0155837919043
0.0145530404221 0.0149498859021
0.0131306698651 0.0267239030059
0.025256222008 0.0428151344786
0.0110721891705 -0.00502687674767
-0.0142835073209 -0.00557792322558
0.0110721891705 -0.00502687674767
0.0161883824934 0.0155837919043
0.013379506851 -0.0405288540705
0.025256222008 0.0428151344786
0.0178108159493 0.0380872472803
0.0178108159493 0.0380872472803
0.025256222008 0.0428151344786
0.0130058176741 0.0130640557098
0.025256222008 0.0428151344786
0.013379506851 -0.0405288540705
0.025256222008 0.0428151344786
0.013379506851 -0.0405288540705
0.013379506851 -0.0405288540705
0.025256222008 0.0428151344786
0.025480886794 0.0326563504832
0.0178108159493 0.0380872472803
0.0143856547749 -0.0401976684223
0.025256222008 0.0428151344786
0.025256222008 0.0428151344786
-0.0142835073209 -0.00557792322558
-0.0142835073209 -0.00557792322558
0.017018354959 0.00221779766682
0.0143856547749 -0.0401976684223
-0.0171960839992 -0.00371107631039
0.0174529038236 0.00979932648655
0.013379506851 -0.0405288540705
0.0137966411692 0.0149846394664
0.0143856547749 -0.0401976684223
0.025256222008 0.0428151344786
0.0143856547749 -0.0401976684223
0.025256222008 0.0428151344786
0.0132695760717 0.0269827255898
0.013379506851 -0.0405288540705
0.0161883824934 0.0155837919043
0.0182095540076 0.0102933456302
0.0178108159493 0.0380872472803
0.0143856547749 -0.0401976684223
0.0143856547749 -0.0401976684223
0.0159706384073 -0.00365271993368
0.0143856547749 -0.0401976684223
0.0143856547749 -0.0401976684223
0.0143856547749 -0.0401976684223
0.0143856547749 -0.0401976684223
0.0077976424223 0.0137089130562
0.013379506851 -0.0405288540705
0.013379506851 -0.0405288540705
0.013379506851 -0.0405288540705
0.025256222008 0.0428151344786
0.025480886794 0.0326563504832
0.013379506851 -0.0405288540705
0.013379506851 -0.0405288540705
0.025256222008 0.0428151344786
0.0137622169271 0.0130293021455
0.013379506851 -0.0405288540705
0.0143856547749 -0.0401976684223
0.013379506851 -0.0405288540705
0.0143856547749 -0.0401976684223
0.0143856547749 -0.0401976684223
0.025256222008 0.0428151344786
0.013379506851 -0.0405288540705
0.025480886794 0.0326563504832
0.0143856547749 -0.0401976684223
0.013379506851 -0.0405288540705
0.013379506851 -0.0405288540705
0.00860687463367 0.00770521148762
0.025256222008 0.0428151344786
0.0143856547749 -0.0401976684223
0.0143856547749 -0.0401976684223
0.0143856547749 -0.0401976684223
0.0178108159493 0.0380872472803
0.013379506851 -0.0405288540705
0.013379506851 -0.0405288540705
0.025480886794 0.0326563504832
0.013379506851 -0.0405288540705
0.0143856547749 -0.0401976684223
0.0145530404221 0.0149498859021
0.0161883824934 0.0155837919043
-0.0142835073209 -0.00557792322558
0.025256222008 0.0428151344786
0.0110721891705 -0.00502687674767
0.025256222008 0.0428151344786
-0.0142835073209 -0.00557792322558
0.0143856547749 -0.0401976684223
0.017018354959 0.00221779766682
0.013379506851 -0.0405288540705
0.0143856547749 -0.0401976684223
0.025480886794 0.0326563504832
0.0178108159493 0.0380872472803
0.0143856547749 -0.0401976684223
0.013379506851 -0.0405288540705
0.0159706384073 -0.00365271993368
0.0110721891705 -0.00502687674767
0.0131306698651 0.0267239030059
-0.00570721648967 -0.00395812482107
0.0178108159493 0.0380872472803
0.0145530404221 0.0149498859021
0.025256222008 0.0428151344786
0.0143856547749 -0.0401976684223
0.0102629569592 0.000976824820858
0.00860687463367 0.00770521148762
0.013379506851 -0.0405288540705
-0.0110682908734 -0.0101783244278
0.0143856547749 -0.0401976684223
0.0126179311708 0.0077258953938
0.0143856547749 -0.0401976684223
-0.0142835073209 -0.00557792322558
0.013379506851 -0.0405288540705
-0.0142835073209 -0.00557792322558
0.025256222008 0.0428151344786
0.0143856547749 -0.0401976684223
0.00860687463367 0.00770521148762
0.0143856547749 -0.0401976684223
0.025480886794 0.0326563504832
0.0143856547749 -0.0401976684223
0.00696903184028 0.00786634591686
0.0207149821304 0.0317106127881
-0.0142835073209 -0.00557792322558
0.0163585249106 0.0016854403823
0.025256222008 0.0428151344786
0.0178108159493 0.0380872472803
0.0143856547749 -0.0401976684223
0.013379506851 -0.0405288540705
0.013379506851 -0.0405288540705
-0.0110682908734 -0.0101783244278
-0.0142835073209 -0.00557792322558
0.017018354959 0.00221779766682
0.013379506851 -0.0405288540705
0.0143856547749 -0.0401976684223
0.0161883824934 0.0155837919043
0.013379506851 -0.0405288540705
0.00487888379882 0.00640499708167
0.025256222008 0.0428151344786
0.0103217390767 -0.00351226941061
0.013379506851 -0.0405288540705
0.013379506851 -0.0405288540705
0.0143856547749 -0.0401976684223
0.0143856547749 -0.0401976684223
0.025480886794 0.0326563504832
0.0110721891705 -0.00502687674767
0.0137966411692 0.0149846394664
0.025256222008 0.0428151344786
0.025256222008 0.0428151344786
0.0143856547749 -0.0401976684223
0.0143856547749 -0.0401976684223
0.013379506851 -0.0405288540705
0.013379506851 -0.0405288540705
0.013379506851 -0.0405288540705
0.0143856547749 -0.0401976684223
0.013379506851 -0.0405288540705
0.0110721891705 -0.00502687674767
0.0143856547749 -0.0401976684223
0.0143856547749 -0.0401976684223
0.013379506851 -0.0405288540705
-0.0142835073209 -0.00557792322558
0.0161883824934 0.0155837919043
-0.0110682908734 -0.0101783244278
0.013379506851 -0.0405288540705
0.0143856547749 -0.0401976684223
0.0110721891705 -0.00502687674767
0.0143856547749 -0.0401976684223
0.0110721891705 -0.00502687674767
0.025256222008 0.0428151344786
0.0143856547749 -0.0401976684223
0.025256222008 0.0428151344786
0.025256222008 0.0428151344786
0.0143856547749 -0.0401976684223
0.0178108159493 0.0380872472803
0.013379506851 -0.0405288540705
0.013379506851 -0.0405288540705
0.0105394831629 0.0157242424274
0.025256222008 0.0428151344786
0.0161883824934 0.0155837919043
0.017018354959 0.00221779766682
0.013379506851 -0.0405288540705
0.0143856547749 -0.0401976684223
0.0145530404221 0.0149498859021
0.025256222008 0.0428151344786
0.013379506851 -0.0405288540705
0.013379506851 -0.0405288540705
0.0143856547749 -0.0401976684223
0.0143856547749 -0.0401976684223
0.0110721891705 -0.00502687674767
0.025256222008 0.0428151344786
0.0130058176741 0.0130640557098
0.013379506851 -0.0405288540705
0.0143856547749 -0.0401976684223
0.0143856547749 -0.0401976684223
-0.0142835073209 -0.00557792322558
0.0143856547749 -0.0401976684223
0.025256222008 0.0428151344786
0.0143856547749 -0.0401976684223
0.0143856547749 -0.0401976684223
0.013379506851 -0.0405288540705
0.0145530404221 0.0149498859021
0.0143856547749 -0.0401976684223
0.0110721891705 -0.00502687674767
0.025256222008 0.0428151344786
0.0179918099214 -0.00894316620779
0.013379506851 -0.0405288540705
-0.0142835073209 -0.00557792322558
0.0143856547749 -0.0401976684223
0.00860687463367 0.00770521148762
0.0145530404221 0.0149498859021
0.0161883824934 0.0155837919043
0.025480886794 0.0326563504832
0.0143856547749 -0.0401976684223
0.0225731633849 0.0363107108759
0.0110721891705 -0.00502687674767
0.0143856547749 -0.0401976684223
0.025256222008 0.0428151344786
0.0159706384073 -0.00365271993368
0.025256222008 0.0428151344786
0.013379506851 -0.0405288540705
0.013379506851 -0.0405288540705
0.013379506851 -0.0405288540705
0.0159706384073 -0.00365271993368
0.0143856547749 -0.0401976684223
0.025256222008 0.0428151344786
-0.0127015758842 0.000450282162337
-0.0142835073209 -0.00557792322558
0.0143856547749 -0.0401976684223
0.0143856547749 -0.0401976684223
0.0110721891705 -0.00502687674767
0.0143856547749 -0.0401976684223
0.0182095540076 0.0102933456302
0.013379506851 -0.0405288540705
-0.0127015758842 0.000450282162337
0.0143856547749 -0.0401976684223
0.013379506851 -0.0405288540705
0.0159706384073 -0.00365271993368
0.025256222008 0.0428151344786
0.0143856547749 -0.0401976684223
0.025256222008 0.0428151344786
0.0143856547749 -0.0401976684223
0.0126179311708 0.0077258953938
0.025256222008 0.0428151344786
0.013379506851 -0.0405288540705
0.0143856547749 -0.0401976684223
0.025256222008 0.0428151344786
0.017018354959 0.00221779766682
0.025256222008 0.0428151344786
0.013379506851 -0.0405288540705
-0.0142835073209 -0.00557792322558
0.0143856547749 -0.0401976684223
0.0110721891705 -0.00502687674767
0.0143856547749 -0.0401976684223
0.0143856547749 -0.0401976684223
0.0110721891705 -0.00502687674767
-0.0187383617181 -0.00474742763058
0.0163585249106 0.0016854403823
-0.0142835073209 -0.00557792322558
0.013379506851 -0.0405288540705
0.0143856547749 -0.0401976684223
0.025256222008 0.0428151344786
0.025256222008 0.0428151344786
0.0143856547749 -0.0401976684223
0.013379506851 -0.0405288540705
0.025256222008 0.0428151344786
0.0110721891705 -0.00502687674767
0.013379506851 -0.0405288540705
0.025256222008 0.0428151344786
0.013379506851 -0.0405288540705
0.0163585249106 0.0016854403823
0.025256222008 0.0428151344786
0.013379506851 -0.0405288540705
0.0161883824934 0.0155837919043
0.013379506851 -0.0405288540705
0.025256222008 0.0428151344786
0.025480886794 0.0326563504832
0.0143856547749 -0.0401976684223
0.0110721891705 -0.00502687674767
0.0178108159493 0.0380872472803
0.0110721891705 -0.00502687674767
0.025256222008 0.0428151344786
0.025256222008 0.0428151344786
0.0143856547749 -0.0401976684223
0.013379506851 -0.0405288540705
0.017018354959 0.00221779766682
0.0131306698651 0.0267239030059
0.0143856547749 -0.0401976684223
0.025256222008 0.0428151344786
0.0143856547749 -0.0401976684223
-0.00643635016746 0.014194477771
0.0143856547749 -0.0401976684223
0.017018354959 0.00221779766682
0.0131306698651 0.0267239030059
0.025256222008 0.0428151344786
0.025480886794 0.0326563504832
0.025256222008 0.0428151344786
0.0159706384073 -0.00365271993368
0.0110721891705 -0.00502687674767
0.0143856547749 -0.0401976684223
0.025256222008 0.0428151344786
0.0143856547749 -0.0401976684223
-0.0142835073209 -0.00557792322558
0.025256222008 0.0428151344786
0.0103217390767 -0.00351226941061
0.0105394831629 0.0157242424274
0.0143856547749 -0.0401976684223
0.0110721891705 -0.00502687674767
0.0178108159493 0.0380872472803
0.0143856547749 -0.0401976684223
0.0143856547749 -0.0401976684223
0.013379506851 -0.0405288540705
0.0143856547749 -0.0401976684223
0.0110721891705 -0.00502687674767
0.013379506851 -0.0405288540705
0.0110721891705 -0.00502687674767
0.013379506851 -0.0405288540705
0.0178108159493 0.0380872472803
-0.0142835073209 -0.00557792322558
0.025256222008 0.0428151344786
-0.00516317579237 0.0152414575591
0.025256222008 0.0428151344786
0.0143856547749 -0.0401976684223
0.0179848892216 0.0204521296257
0.0161883824934 0.0155837919043
0.0178108159493 0.0380872472803
0.025256222008 0.0428151344786
0.013379506851 -0.0405288540705
0.013379506851 -0.0405288540705
0.0110721891705 -0.00502687674767
0.0143856547749 -0.0401976684223
0.013379506851 -0.0405288540705
0.0143856547749 -0.0401976684223
0.0110721891705 -0.00502687674767
0.013379506851 -0.0405288540705
0.00860687463367 0.00770521148762
0.0110721891705 -0.00502687674767
0.0143856547749 -0.0401976684223
-0.0142835073209 -0.00557792322558
0.025256222008 0.0428151344786
0.025256222008 0.0428151344786
0.013379506851 -0.0405288540705
0.0110721891705 -0.00502687674767
0.0161883824934 0.0155837919043
0.025256222008 0.0428151344786
0.0143856547749 -0.0401976684223
0.0143856547749 -0.0401976684223
0.0103217390767 -0.00351226941061
0.0143856547749 -0.0401976684223
0.013379506851 -0.0405288540705
0.025480886794 0.0326563504832
0.0161883824934 0.0155837919043
0.013379506851 -0.0405288540705
0.0145530404221 0.0149498859021
0.00448437070435 0.0113144669027
0.0143856547749 -0.0401976684223
0.0178108159493 0.0380872472803
0.013379506851 -0.0405288540705
-0.0251604618192 0.012772071109
0.013379506851 -0.0405288540705
0.0110721891705 -0.00502687674767
0.0110721891705 -0.00502687674767
0.0143856547749 -0.0401976684223
0.0143856547749 -0.0401976684223
0.0143856547749 -0.0401976684223
0.0143856547749 -0.0401976684223
0.025256222008 0.0428151344786
0.013379506851 -0.0405288540705
0.013379506851 -0.0405288540705
0.013379506851 -0.0405288540705
0.00266017933314 0.0374264246442
0.013379506851 -0.0405288540705
0.025256222008 0.0428151344786
0.0161883824934 0.0155837919043
-0.0142835073209 -0.00557792322558
-0.0910536568297 -0.00290601679358
0.025480886794 0.0326563504832
0.0143856547749 -0.0401976684223
0.0190098339101 -0.017229569449
0.013379506851 -0.0405288540705
-0.00535355646252 -0.00319376074121
-0.018894420015 -0.000756675460517
0.0175506672972 -0.00416629556555
0.025256222008 0.0428151344786
0.013379506851 -0.0405288540705
0.0125437467581 0.00821843954986
-0.0142835073209 -0.00557792322558
-0.0879158388831 -0.00760918982271
0.0135053238704 0.00907936830162
-0.0123697726975 0.0751969416922
0.0190098339101 -0.017229569449
0.0143856547749 -0.0401976684223
-0.00144175777484 0.00487973164726
-0.0931773892122 -0.00855851627805
0.0105394831629 0.0157242424274
0.0200159818341 -0.0168983838008
0.00772543109322 0.00783159235254
0.0145530404221 0.0149498859021
0.0104902938433 0.0125929942216
0.013379506851 -0.0405288540705
-0.0123697726975 0.0751969416922
-0.00535355646252 -0.00319376074121
-0.0879158388831 -0.00760918982271
0.0145530404221 0.0149498859021
-0.0833382735143 -0.00659291270292
0.0115328503079 0.00700500142749
-0.0123697726975 0.0751969416922
-0.0931773892122 -0.00855851627805
0.0109197173751 -0.00290249005796
-0.0110682908734 -0.0101783244278
0.025480886794 0.0326563504832
-0.0879158388831 -0.00760918982271
0.0190098339101 -0.017229569449
0.017018354959 0.00221779766682
0.00213767981026 0.00972964054355
-0.0910536568297 -0.00290601679358
0.025256222008 0.0428151344786
-0.0142835073209 -0.00557792322558
-0.0123697726975 0.0751969416922
-0.0879158388831 -0.00760918982271
0.013379506851 -0.0405288540705
-0.0121424517877 0.0709368040208
0.0179848892216 0.0204521296257
-0.0122022763415 0.0712666695043
-0.0931773892122 -0.00855851627805
0.0122543634503 0.0139482881462
0.0103780625191 -0.0285019315072
0.0179848892216 0.0204521296257
-0.0142835073209 -0.00557792322558
0.0161358120701 0.0222487115615
-0.0931773892122 -0.00855851627805
-0.0123697726975 0.0751969416922
0.0090268333526 -0.00840136153045
-0.0137028067143 -0.00540250065715
0.0105394831629 0.0157242424274
-0.0879158388831 -0.00760918982271
0.0103780625191 -0.0285019315072
0.0161883824934 0.0155837919043
-0.00535355646252 -0.00319376074121
-0.0142835073209 -0.00557792322558
-0.0858701540221 -0.00185663252151
0.00386031383469 0.0128196898692
0.00978323260554 -0.00843611509478
-0.0123697726975 0.0751969416922
0.011929776763 0.016042354101
-0.0931773892122 -0.00855851627805
-0.0879158388831 -0.00760918982271
0.0179848892216 0.0204521296257
0.013379506851 -0.0405288540705
-0.0255959757939 0.00790155525505
0.013379506851 -0.0405288540705
0.0143856547749 -0.0401976684223
0.0200159818341 -0.0168983838008
-0.0858701540221 -0.00185663252151
0.0175506672972 -0.00416629556555
0.0190098339101 -0.017229569449
0.00389008041764 0.012511153052
0.0110721891705 -0.00502687674767
-0.0931773892122 -0.00855851627805
0.0165445193732 -0.00449748121376
0.0115328503079 0.00700500142749
-0.0931773892122 -0.00855851627805
-0.0123697726975 0.0751969416922
0.0165445193732 -0.00449748121376
-0.0187383617181 -0.00474742763058
-0.0931773892122 -0.00855851627805
-0.0123697726975 0.0751969416922
0.0121900122838 0.006657867397
-0.022178811304 0.00380409174602
-0.000727382291888 -0.00595273768398
-0.0221557572952 0.00386222867831
0.0175506672972 -0.00416629556555
0.0143856547749 -0.0401976684223
-0.00516317579237 0.0152414575591
0.0176751153749 -0.001661517212
-0.0123697726975 0.0751969416922
0.0168482125418 0.0161161491888
-0.0187383617181 -0.00474742763058
-0.0931773892122 -0.00855851627805
-0.0833382735143 -0.00659291270292
-0.0931773892122 -0.00855851627805
0.0175506672972 -0.00416629556555
-0.00535355646252 -0.00319376074121
0.0110721891705 -0.00502687674767
-0.0281547560421 0.00258650226802
0.0140407058411 0.00710694723258
0.00356341053376 0.0242287842014
-0.0858701540221 -0.00185663252151
-0.00570721648967 -0.00395812482107
-0.0281547560421 0.00258650226802
0.00213767981026 0.00972964054355
0.0125437467581 0.00821843954986
-0.00623100243917 -0.00312358942389
0.025256222008 0.0428151344786
-0.00535355646252 -0.00319376074121
0.0175506672972 -0.00416629556555
-0.0142835073209 -0.00557792322558
0.0122543634503 0.0139482881462
-0.0858701540221 -0.00185663252151
-0.0255959757939 0.00790155525505
-0.0858701540221 -0.00185663252151
0.0200159818341 -0.0168983838008
0.0200159818341 -0.0168983838008
0.0161883824934 0.0155837919043
0.00543461428401 0.00541689455104
0.0200159818341 -0.0168983838008
-0.00512949776821 -0.0215804649756
-0.0142835073209 -0.00557792322558
-0.0858701540221 -0.00185663252151
-0.0858701540221 -0.00185663252151
-0.00535355646252 -0.00319376074121
-0.0931773892122 -0.00855851627805
-0.0379374088297 0.0142684395233
-0.0142835073209 -0.00557792322558
0.0200159818341 -0.0168983838008
0.00860687463367 0.00770521148762
0.0110721891705 -0.00502687674767
-0.0122022763415 0.0712666695043
-0.0123697726975 0.0751969416922
-0.0931773892122 -0.00855851627805
-0.0123697726975 0.0751969416922
-0.0931773892122 -0.00855851627805
-0.0123697726975 0.0751969416922
0.0190098339101 -0.017229569449
-0.0879158388831 -0.00760918982271
0.013379506851 -0.0405288540705
-0.0931773892122 -0.00855851627805
-0.0122022763415 0.0712666695043
-0.0858701540221 -0.00185663252151
0.0165445193732 -0.00449748121376
-0.0251604618192 0.012772071109
0.0179848892216 0.0204521296257
0.017018354959 0.00221779766682
-0.0931773892122 -0.00855851627805
-0.0142835073209 -0.00557792322558
-0.0123697726975 0.0751969416922
-0.0142835073209 -0.00557792322558
-0.0123697726975 0.0751969416922
0.00731791806867 0.00429597314052
-0.0123697726975 0.0751969416922
-0.0122022763415 0.0712666695043
0.0145530404221 0.0149498859021
-0.0879158388831 -0.00760918982271
-0.0110682908734 -0.0101783244278
0.0110721891705 -0.00502687674767
-0.0910536568297 -0.00290601679358
0.00614340512899 0.000620531663914
-0.0122022763415 0.0712666695043
0.011929776763 0.016042354101
-0.0259168610721 0.0128068246734
0.0143856547749 -0.0401976684223
-0.0879158388831 -0.00760918982271
-0.0931773892122 -0.00855851627805
-0.00512949776821 -0.0215804649756
-0.0858701540221 -0.00185663252151
-0.0858701540221 -0.00185663252151
-0.0123697726975 0.0751969416922
0.0137595528796 0.0129113547028
0.013379506851 -0.0405288540705
-0.0123697726975 0.0751969416922
0.0110721891705 -0.00502687674767
-0.0858701540221 -0.00185663252151
-0.0858701540221 -0.00185663252151
-0.0123697726975 0.0751969416922
-0.0123697726975 0.0751969416922
0.0143856547749 -0.0401976684223
0.0184269751838 0.00174797507219
0.0145530404221 0.0149498859021
0.017018354959 0.00221779766682
0.0176751153749 -0.001661517212
-0.0221557572952 0.00386222867831
0.0161883824934 0.0155837919043
0.00937935565972 0.000972202895403
-0.00535355646252 -0.00319376074121
0.0158396449606 -0.00504094640582
-0.0123697726975 0.0751969416922
-0.0931773892122 -0.00855851627805
0.00625536470338 0.012672561736
-0.00535355646252 -0.00319376074121
0.0161883824934 0.0155837919043
-0.0255959757939 0.00790155525505
-0.0137028067143 -0.00540250065715
0.00860687463367 0.00770521148762
0.0161883824934 0.0155837919043
-0.0910536568297 -0.00290601679358
-0.0142835073209 -0.00557792322558
0.0191342819878 -0.0147247910955
0.013379506851 -0.0405288540705
0.025256222008 0.0428151344786
0.0161883824934 0.0155837919043
-0.022178811304 0.00380409174602
-0.0263523750469 0.00793630881938
0.0168482125418 0.0161161491888
0.0175506672972 -0.00416629556555
0.0165445193732 -0.00449748121376
-0.0858701540221 -0.00185663252151
-0.0858701540221 -0.00185663252151
-0.0931773892122 -0.00855851627805
0.0143856547749 -0.0401976684223
0.011397791365 0.00538955096187
0.00625536470338 0.012672561736
-0.0123697726975 0.0751969416922
0.0190098339101 -0.017229569449
0.0175506672972 -0.00416629556555
-0.0121424517877 0.0709368040208
0.0143856547749 -0.0401976684223
-0.0931773892122 -0.00855851627805
-0.00516317579237 0.0152414575591
-0.0931773892122 -0.00855851627805
-0.00165321433628 0.00396821476092
0.0137322900027 0.00769421871719
0.0133743304237 0.00769114182947
-0.0123697726975 0.0751969416922
0.00611758094187 0.0152897840579
-0.0320450302914 0.000907255549936
-0.00231839260168 0.016002357381
-0.00428187000217 0.0223845774436
-0.0931773892122 -0.00855851627805
0.0165445193732 -0.00449748121376
-5.01191880907e-05 0.0118291927004
-0.0858701540221 -0.00185663252151
-0.0123697726975 0.0751969416922
-0.0858701540221 -0.00185663252151
0.0110721891705 -0.00502687674767
0.00978323260554 -0.00843611509478
0.0145530404221 0.0149498859021
0.0161883824934 0.0155837919043
-0.00165321433628 0.00396821476092
-0.0281547560421 0.00258650226802
0.00767943704858 0.0158102387443
0.0125437467581 0.00821843954986
-0.0931773892122 -0.00855851627805
0.00862138053408 -0.00524132715625
-0.0858701540221 -0.00185663252151
0.0175506672972 -0.00416629556555
0.0190098339101 -0.017229569449
0.016261955706 0.00225255123115
-0.0123697726975 0.0751969416922
0.0190098339101 -0.017229569449
-0.00516317579237 0.0152414575591
0.0077976424223 0.0137089130562
-0.0122022763415 0.0712666695043
0.0143856547749 -0.0401976684223
0.0175506672972 -0.00416629556555
0.025256222008 0.0428151344786
-0.054014938952 -0.00133920482799
0.00662410885114 -0.0417698269164
0.0143856547749 -0.0401976684223
-0.0263523750469 0.00793630881938
-0.0879158388831 -0.00760918982271
0.0176751153749 -0.001661517212
-0.0879158388831 -0.00760918982271
0.0200159818341 -0.0168983838008
-0.0910536568297 -0.00290601679358
0.0138932103737 0.0144175286176
0.0119203402381 -0.027465580187
-0.0931773892122 -0.00855851627805
-0.0121424517877 0.0709368040208
0.0203320570545 0.0304290838794
-0.0123697726975 0.0751969416922
0.0168482125418 0.0161161491888
0.0143856547749 -0.0401976684223
-0.0142835073209 -0.00557792322558
0.013379506851 -0.0405288540705
-0.0931773892122 -0.00855851627805
-0.0123697726975 0.0751969416922
-0.0255959757939 0.00790155525505
-0.0931773892122 -0.00855851627805
-0.0281547560421 0.00258650226802
0.0179848892216 0.0204521296257
0.0146211524003 0.0389357784767
0.0143856547749 -0.0401976684223
-0.0123697726975 0.0751969416922
0.0190098339101 -0.017229569449
-0.00535355646252 -0.00319376074121
0.0165445193732 -0.00449748121376
0.0165445193732 -0.00449748121376
-0.0171714988819 0.0247770148706
0.0168482125418 0.0161161491888
-0.0879158388831 -0.00760918982271
0.0109141923141 -0.0277967658352
0.0191342819878 -0.0147247910955
0.0178108159493 0.0380872472803
-0.0123697726975 0.0751969416922
-0.0879158388831 -0.00760918982271
-0.0879158388831 -0.00760918982271
0.0101332700349 0.0111740163796
-0.0142835073209 -0.00557792322558
0.00615416300175 0.0130966303055
0.0143856547749 -0.0401976684223
-5.01191880907e-05 0.0118291927004
0.0137595528796 0.0129113547028
-0.00244652571259 0.0103803790685
-0.0879158388831 -0.00760918982271
-0.0931773892122 -0.00855851627805
0.0135053238704 0.00907936830162
0.0175506672972 -0.00416629556555
-0.0142835073209 -0.00557792322558
0.00978323260554 -0.00843611509478
0.0164892925902 0.0138687206319
0.0157534615169 0.00240377244308
0.00213767981026 0.00972964054355
0.0161883824934 0.0155837919043
0.00978323260554 -0.00843611509478
0.0165445193732 -0.00449748121376
-0.0879158388831 -0.00760918982271
-0.0181576611115 -0.00457200506215
-0.0931773892122 -0.00855851627805
-0.00516317579237 0.0152414575591
-0.0122022763415 0.0712666695043
-0.0187383617181 -0.00474742763058
0.0190098339101 -0.017229569449
0.0110721891705 -0.00502687674767
-0.0142835073209 -0.00557792322558
-0.0931773892122 -0.00855851627805
0.0200159818341 -0.0168983838008
0.0168482125418 0.0161161491888
-0.0122022763415 0.0712666695043
-0.0123697726975 0.0751969416922
0.0130107627032 0.0139135345819
0.0165445193732 -0.00449748121376
-0.0123697726975 0.0751969416922
0.0110721891705 -0.00502687674767
0.0130107627032 0.0139135345819
0.017018354959 0.00221779766682
0.011929776763 0.016042354101
-0.0879158388831 -0.00760918982271
-0.0142835073209 -0.00557792322558
-5.01191880907e-05 0.0118291927004
-0.0931773892122 -0.00855851627805
0.00960312691078 0.000444467536342
0.0190098339101 -0.017229569449
-0.0142835073209 -0.00557792322558
-0.0255959757939 0.00790155525505
0.0175506672972 -0.00416629556555
-0.0122022763415 0.0712666695043
-0.00490792312708 0.0405266009516
0.0110721891705 -0.00502687674767
-0.0858701540221 -0.00185663252151
-0.0123697726975 0.0751969416922
0.0200159818341 -0.0168983838008
-0.0931773892122 -0.00855851627805
-0.0123697726975 0.0751969416922
-0.0123697726975 0.0751969416922
-0.0931773892122 -0.00855851627805
-0.0931773892122 -0.00855851627805
-0.0931773892122 -0.00855851627805
0.0110721891705 -0.00502687674767
0.013379506851 -0.0405288540705
0.00860687463367 0.00770521148762
-0.00535355646252 -0.00319376074121
0.0176751153749 -0.001661517212
0.0190098339101 -0.017229569449
0.0161883824934 0.0155837919043
-0.0123697726975 0.0751969416922
0.013379506851 -0.0405288540705
0.00860687463367 0.00770521148762
-0.0858701540221 -0.00185663252151
0.0159706384073 -0.00365271993368
0.0121900122838 0.006657867397
-0.0142835073209 -0.00557792322558
0.0207149821304 0.0317106127881
-0.0187383617181 -0.00474742763058
0.0110721891705 -0.00502687674767
0.0168482125418 0.0161161491888
0.0179613058734 0.0205414826799
0.0110721891705 -0.00502687674767
0.0178108159493 0.0380872472803
-0.00165321433628 0.00396821476092
0.0161883824934 0.0155837919043
-0.0858701540221 -0.00185663252151
0.025256222008 0.0428151344786
-0.0931773892122 -0.00855851627805
-0.0119749554317 0.0670065318329
-0.0858701540221 -0.00185663252151
-0.0137028067143 -0.00540250065715
0.00978323260554 -0.00843611509478
0.0178108159493 0.0380872472803
-0.0123697726975 0.0751969416922
0.0143856547749 -0.0401976684223
0.0161883824934 0.0155837919043
-0.010472573555 0.00820978609668
-0.0931773892122 -0.00855851627805
0.0165762689968 0.0209219522203
0.0137322900027 0.00769421871719
0.0115328503079 0.00700500142749
0.0190098339101 -0.017229569449
0.0178108159493 0.0380872472803
-0.0931773892122 -0.00855851627805
0.0182187760537 -0.0103283157922
-0.0910536568297 -0.00290601679358
0.0200159818341 -0.0168983838008
0.0158396449606 -0.00504094640582
0.0145530404221 0.0149498859021
0.0200159818341 -0.0168983838008
-0.0137028067143 -0.00540250065715
0.0164892925902 0.0138687206319
-0.0123697726975 0.0751969416922
-0.0142835073209 -0.00557792322558
-0.0123697726975 0.0751969416922
-0.0251604618192 0.012772071109
-0.00535355646252 -0.00319376074121
-0.0121424517877 0.0709368040208
0.0143856547749 -0.0401976684223
0.0179848892216 0.0204521296257
0.0182187760537 -0.0103283157922
0.0161883824934 0.0155837919043
-0.0121424517877 0.0709368040208
0.0178108159493 0.0380872472803
-0.0142835073209 -0.00557792322558
0.0190098339101 -0.017229569449
0.0164452755501 0.0195337257481
-0.0931773892122 -0.00855851627805
0.0161883824934 0.0155837919043
-0.0931773892122 -0.00855851627805
0.00262229154376 0.0149406722069
-0.0255959757939 0.00790155525505
-0.00535355646252 -0.00319376074121
-0.00959267055148 0.00803499774691
-0.0187383617181 -0.00474742763058
-0.0879158388831 -0.00760918982271
0.0143856547749 -0.0401976684223
0.013379506851 -0.0405288540705
-0.0281778100509 0.00252836533573
-0.0123697726975 0.0751969416922
-0.0931773892122 -0.00855851627805
0.013379506851 -0.0405288540705
-0.0281778100509 0.00252836533573
0.0143856547749 -0.0401976684223
-0.0931773892122 -0.00855851627805
-0.0123697726975 0.0751969416922
0.0159616606469 0.0144800633075
0.0200159818341 -0.0168983838008
-0.011452328841 0.0326726598958
-0.0931773892122 -0.00855851627805
-0.0931773892122 -0.00855851627805
-0.0281778100509 0.00252836533573
0.0168482125418 0.0161161491888
0.0143856547749 -0.0401976684223
0.0161358120701 0.0222487115615
0.0110721891705 -0.00502687674767
0.013379506851 -0.0405288540705
0.00851625458827 0.0097521761092
0.0200159818341 -0.0168983838008
0.0190098339101 -0.017229569449
0.0193416936568 -0.0151847853157
-0.0931773892122 -0.00855851627805
0.013379506851 -0.0405288540705
-0.0122022763415 0.0712666695043
0.0125437467581 0.00821843954986
-0.00165321433628 0.00396821476092
0.0190098339101 -0.017229569449
0.00978323260554 -0.00843611509478
-0.0142835073209 -0.00557792322558
0.0200159818341 -0.0168983838008
0.017018354959 0.00221779766682
-0.0858701540221 -0.00185663252151
0.0200159818341 -0.0168983838008
0.00860687463367 0.00770521148762
0.0139842176656 0.00275257070731
-0.0123697726975 0.0751969416922
-0.0931773892122 -0.00855851627805
-0.0281778100509 0.00252836533573
-0.0858701540221 -0.00185663252151
0.00860687463367 0.00770521148762
0.0143856547749 -0.0401976684223
0.0186516399698 -0.00841080892328
-0.0931773892122 -0.00855851627805
0.0161883824934 0.0155837919043
0.0111993132113 0.0162565997119
-0.0123697726975 0.0751969416922
0.0178243135654 -0.00501289401992
-0.00516317579237 0.0152414575591
0.0123509326548 0.0133811772974
