[ 1.  0.  1.  1.  0.  0.  1.  1.  0.  1.  1.  0.  1.  1.  1.  1.  1.  1.
  1.  1.  1.  1.  0.  1.  1.  1.  1.  0.  0.  0.  1.  1.  1.  1.  0.  1.
  1.  1.  1.  1.  0.  0.  1.  1.  1.  1.  1.  1.  1.  1.  1.  1.  1.  1.
  0.  0.  0.  1.  1.  0.  1.  1.  1.  0.  1.  0.  1.  0.  1.  0.  1.  1.
  1.  1.  1.  1.  1.  1.  1.  1.  1.  1.  1.  1.  1.  0.  0.  0.  0.  0.
  0.  0.  1.  1.  1.  1.  0.  1.  1.  1.  0.  0.  1.  1.  1.  0.  1.  0.
  1.  0.  1.  1.  0.  1.  0.  0.  1.  1.  1.  0.  0.  1.  0.  0.  1.  1.
  1.  1.  1.  0.  0.  1.  1.  1.  1.  1.  1.  1.  0.  1.  0.  0.  0.  0.
  0.  1.  1.  1.  1.  1.  1.  1.  0.  0.  0.  0.  0.  1.  0.  1.  1.  1.
  1.  1.  1.  0.  1.  1.  1.  1.  1.  1.  1.  1.  1.  0.  0.  1.  1.  1.
  1.  1.  1.  1.  0.  0.  0.  1.  0.  1.  1.  0.  1.  0.  1.  1.  0.  1.
  1.  1.  1.  1.  1.  1.  1.  1.  1.  1.  0.  0.  0.  0.  1.  1.  0.  1.
  1.  1.  1.  1.  1.  1.  0.  0.  1.  1.  1.  1.  1.  1.  1.  1.  1.  1.
  1.  0.  0.  1.  1.  1.  1.  1.  0.  1.  1.  1.  1.  1.  1.  1.  1.  1.
  0.  1.  0.  0.  1.  0.  1.  1.  0.  1.  1.  1.  1.  1.  1.  1.  1.  1.
  1.  1.  0.  0.  1.  1.  1.  1.  1.  1.  1.  0.  1.  1.  1.  0.  1.  1.
  1.  1.  1.  1.  1.  1.  0.  0.  1.  1.  1.  1.  1.  1.  1.  1.  1.  1.
  1.  1.  0.  1.  1.  1.  1.  1.  0.  1.  1.  0.  0.  0.  1.  1.  1.  0.
  0.  0.  0.  0.  1.  0.  1.  0.  0.  1.  0.  0.  1.  0.  1.  1.  1.  0.
  1.  1.  1.  0.  1.  0.  0.  0.  0.  0.  1.  1.  1.  1.  0.  0.  1.  1.
  0.  0.  0.  1.  0.  0.  0.  1.  1.  0.  1.  1.  1.  0.  0.  1.  0.  1.
  1.  1.]
0.897637795276
0.92125984252
0.888888888889
